0 7.24140577e-01 
0 7.24572999e-01 
0 4.89574921e+00 
0 4.89721727e+00 
0 4.89818649e+00 
0 4.89855221e+00 
0 7.87185852e+00 
0 7.92387756e+00 
0 1.05271549e+01 
0 1.05371224e+01 
0 1.05535384e+01 
0 1.05541986e+01 
0 1.30913742e+01 
0 1.30989357e+01 
0 1.31046599e+01 
0 1.31083990e+01 
0 1.31093102e+01 
0 1.31101597e+01 
0 1.31493376e+01 
0 1.34278279e+01 
1 6.931516229999999945e-01 
1 6.931516530000000342e-01 
1 1.371000270000000043e+01 
1 1.371000850000000071e+01 
1 1.371001970000000014e+01 
1 1.371002460000000056e+01 
1 1.938004670000000118e+01 
1 1.938521289999999908e+01 
1 2.058485070000000050e+01 
1 2.058644609999999986e+01 
1 2.058668919999999858e+01 
1 2.058807799999999943e+01 
1 2.460447950000000006e+01 
1 2.460457279999999969e+01 
1 2.460483109999999840e+01 
1 2.460522920000000013e+01 
1 2.460553700000000177e+01 
1 2.460589739999999992e+01 
1 2.681671869999999913e+01 
1 2.699532809999999827e+01 
2 6.931472239999999507e-01 
2 6.931472269999999769e-01 
2 1.831100969999999961e+01 
2 1.831101530000000110e+01 
2 1.831102519999999956e+01 
2 1.831102960000000124e+01 
2 2.404090970000000027e+01 
2 2.404570629999999909e+01 
2 2.512955120000000164e+01 
2 2.513122179999999872e+01 
2 2.513137449999999973e+01 
2 2.513282819999999873e+01 
2 2.919725850000000023e+01 
2 2.919733270000000047e+01 
2 2.919753359999999986e+01 
2 2.919782500000000169e+01 
2 2.919805050000000080e+01 
2 2.919839789999999979e+01 
2 3.151951880000000017e+01 
2 3.168333820000000145e+01 
3 6.931471809999999456e-01 
3 6.931471809999999456e-01 
3 2.291576290000000071e+01 
3 2.291576849999999865e+01 
3 2.291577819999999832e+01 
3 2.291578260000000000e+01 
3 2.865175040000000095e+01 
3 2.865651250000000161e+01 
3 2.972872990000000115e+01 
3 2.973040650000000085e+01 
3 2.973055069999999844e+01 
3 2.973200999999999894e+01 
3 3.380111639999999795e+01 
3 3.380118889999999965e+01 
3 3.380138409999999993e+01 
3 3.380166510000000102e+01 
3 3.380188259999999900e+01 
3 3.380222859999999940e+01 
3 3.613392089999999968e+01 
3 3.629630199999999718e+01 
4 6.931471809999999456e-01 
4 6.931471809999999456e-01 
4 2.752089140000000000e+01 
4 2.752089700000000150e+01 
4 2.752090670000000117e+01 
4 2.752091109999999929e+01 
4 3.325748860000000207e+01 
4 3.326224739999999969e+01 
4 3.433330149999999747e+01 
4 3.433497859999999946e+01 
4 3.433512209999999953e+01 
4 3.433658189999999877e+01 
4 3.840615460000000070e+01 
4 3.840622700000000123e+01 
4 3.840642150000000044e+01 
4 3.840670159999999811e+01 
4 3.840691830000000095e+01 
4 3.840726399999999785e+01 
4 4.074000889999999941e+01 
4 4.090224659999999801e+01 
5 6.931471809999999456e-01 
5 6.931471809999999456e-01 
5 3.212605729999999937e+01 
5 3.212606269999999853e+01 
5 3.212607239999999820e+01 
5 3.212607710000000338e+01 
5 3.786271550000000019e+01 
5 3.786747390000000024e+01 
5 3.893841160000000201e+01 
5 3.894008850000000166e+01 
5 3.894023219999999696e+01 
5 3.894169229999999970e+01 
5 4.301131139999999675e+01 
5 4.301138350000000088e+01 
5 4.301157829999999649e+01 
5 4.301185869999999767e+01 
5 4.301207509999999701e+01 
5 4.301242030000000227e+01 
5 4.534527169999999785e+01 
5 4.550749369999999772e+01 
6 6.931471809999999456e-01 
6 6.931471809999999456e-01 
6 3.673122860000000145e+01 
6 3.673123439999999817e+01 
6 3.673124279999999686e+01 
6 3.673124849999999952e+01 
6 4.246789280000000133e+01 
6 4.247265260000000353e+01 
6 4.354357809999999773e+01 
6 4.354525180000000262e+01 
6 4.354539580000000143e+01 
6 4.354685760000000272e+01 
6 4.761648160000000018e+01 
6 4.761655449999999945e+01 
6 4.761675520000000006e+01 
6 4.761706420000000151e+01 
6 4.761720760000000041e+01 
6 4.761758669999999682e+01 
6 4.995045280000000076e+01 
6 5.011268259999999941e+01 
7 6.931471809999999456e-01 
7 6.931471809999999456e-01 
7 4.133637449999999802e+01 
7 4.133639120000000133e+01 
7 4.133639749999999680e+01 
7 4.133641560000000226e+01 
7 4.707305509999999771e+01 
7 4.707780449999999917e+01 
7 4.814872530000000239e+01 
7 4.815044139999999828e+01 
7 4.815056150000000201e+01 
7 4.815199669999999799e+01 
7 5.222164920000000166e+01 
7 5.222171349999999990e+01 
7 5.222184709999999797e+01 
7 5.222219840000000346e+01 
7 5.222240330000000341e+01 
7 5.222277420000000347e+01 
7 5.455584489999999676e+01 
7 5.471781500000000165e+01 
8 6.931471809999999456e-01 
8 6.931471809999999456e-01 
8 4.594142589999999871e+01 
8 4.594155889999999687e+01 
8 4.594168460000000209e+01 
8 4.594169039999999882e+01 
8 5.167824449999999814e+01 
8 5.168301430000000352e+01 
8 5.275386850000000294e+01 
8 5.275538879999999864e+01 
8 5.275569430000000182e+01 
8 5.275721920000000154e+01 
8 5.682683980000000190e+01 
8 5.682708290000000062e+01 
8 5.682726799999999656e+01 
8 5.682727520000000254e+01 
8 5.682751480000000299e+01 
8 5.682819740000000053e+01 
8 5.916119230000000329e+01 
8 5.932303269999999884e+01 
9 6.931471809999999456e-01 
9 6.931471809999999456e-01 
9 5.054386430000000274e+01 
9 5.054424350000000032e+01 
9 5.054492059999999753e+01 
9 5.054507600000000167e+01 
9 5.628101639999999861e+01 
9 5.628646419999999750e+01 
9 5.735674610000000229e+01 
9 5.735869480000000209e+01 
9 5.735921199999999942e+01 
9 5.736042239999999737e+01 
9 6.137531849999999878e+01 
9 6.143747030000000109e+01 
9 6.143874399999999980e+01 
9 6.144073389999999790e+01 
9 6.144210730000000353e+01 
9 6.145154920000000232e+01 
9 6.381222420000000284e+01 
9 6.393336630000000298e+01 
10 6.931471809999999456e-01 
10 6.931471809999999456e-01 
10 5.512720319999999674e+01 
10 5.512806280000000214e+01 
10 5.514353559999999987e+01 
10 5.515042019999999923e+01 
10 6.086601770000000045e+01 
10 6.087783290000000136e+01 
10 6.193120340000000112e+01 
10 6.193816710000000114e+01 
10 6.196965099999999893e+01 
10 6.197336049999999830e+01 
10 6.594158439999999644e+01 
10 6.595838960000000384e+01 
10 6.599293819999999755e+01 
10 6.603046469999999601e+01 
10 6.605597079999999721e+01 
10 6.608653189999999711e+01 
10 6.836308549999999684e+01 
10 6.844004379999999799e+01 
11 6.93147181e-01 
11 6.93147181e-01 
11 6.08480938e+01 
11 6.11135478e+01 
11 6.16091773e+01 
11 6.18175614e+01 
11 6.32068489e+01 
11 6.42779368e+01 
11 6.50729981e+01 
11 6.55990639e+01 
11 6.68960335e+01 
11 6.74023469e+01 
11 6.78607142e+01 
11 6.86443131e+01 
11 6.90221695e+01 
11 6.92892350e+01 
11 6.97582618e+01 
11 7.01558486e+01 
11 7.10012385e+01 
11 7.14421663e+01 
